camera_matrix: [581.3544585420893, 0.0, 349.9510938226247, 0.0, 579.475777075157,
  231.72936560565583, 0.0, 0.0, 1.0]
dist_matrix: [0.2796232670713149, -6.0937130120535015, 0.002533306479462369, 0.010895642051903654,
  33.37920739794684]


